0 0 0 0 1 0 0 0 0 1 0 0 0 0.302326 0.697674 0 0 0 0.922481 0.0775194 0 0 0 0 1 0.511628 0.0697674 0.0310078 0.0310078 0.356589 0 0 0 0 1 0 0 0.302326 0.620155 0.0775194 0 0 0 0.100775 0.899225 0 0.263566 0.131783 0.0620155 0.542636 
0 0 0 0 1 0 0 0 0 1 0 0 0 0.0991736 0.900826 0 0 0 0 1 0 0 0 0 1 0.0413223 0.760331 0.0826446 0.0247934 0.0909091 0 0 0 0 1 0 0 0 0.0495868 0.950413 0 0 0 0.107438 0.892562 0 0 0 0.115702 0.884298 
0 0 0 0 1 0 0 0 0 1 0 0 0 0.354545 0.645455 0 0 0 0.00909091 0.990909 0 0 0 0 1 0.454545 0.0454545 0.0272727 0 0.472727 0 0 0 0 1 0 0 0 0.363636 0.636364 0 0 0 0.0909091 0.909091 0.472727 0 0.0272727 0.0363636 0.463636 
0 0 0 0 1 0 0 0 0.307692 0.692308 0 0 0.559441 0.125874 0.314685 0 0 0 0 1 0 0 0 0 1 0.412587 0.013986 0.020979 0.146853 0.405594 0 0 0 0.370629 0.629371 0.0979021 0.020979 0.027972 0.202797 0.65035 0 0 0 0.195804 0.804196 0.412587 0.13986 0.020979 0.00699301 0.41958 
0 0 0 0.0315315 0.968468 0 0.351351 0.576577 0.0405405 0.0315315 0 0.283784 0.382883 0.301802 0.0315315 0 0 0 0.18018 0.81982 0.0135135 0.018018 0.0045045 0.842342 0.121622 0.477477 0.0675676 0.207207 0.171171 0.0765766 0 0 0 0.238739 0.761261 0.225225 0.45045 0.198198 0.112613 0.0135135 0.0315315 0.112613 0.247748 0.522523 0.0855856 0 0 0.189189 0.279279 0.531532 
0 0 0 0 1 0 0 0 0 1 0 0 0.239819 0.719457 0.040724 0 0 0 0 1 0 0 0 0 1 0.0271493 0.0588235 0.873303 0.0180995 0.0226244 0 0 0 0 1 0 0 0 0.538462 0.461538 0 0.0723982 0.221719 0.226244 0.479638 0 0 0 0.0135747 0.986425 
0 0 0 0 1 0 0 0.146341 0.591463 0.262195 0 0 0.207317 0.609756 0.182927 0 0 0 0 1 0 0 0 0 1 0.304878 0.408537 0.0365854 0.097561 0.152439 0 0.0121951 0.00609756 0.554878 0.426829 0.164634 0.75 0.0365854 0.0304878 0.0182927 0 0 0 0.25 0.75 0.054878 0.182927 0.0670732 0.432927 0.262195 
0 0 0 0 1 0 0 0 0 1 0 0 0 0.207547 0.792453 0 0 0 0 1 0 0 0 0 1 0 0 0.81761 0.144654 0.0377358 0 0 0 0 1 0 0 0 0.106918 0.893082 0 0 0 0.081761 0.918239 0 0 0 0 1 
0 0 0 0 1 0 0 0.0307692 0.523077 0.446154 0 0 0.261538 0.615385 0.123077 0 0 0 0 1 0 0 0 0 1 0 0 0 0.753846 0.246154 0.746154 0.0153846 0.0153846 0.0461538 0.176923 0.0615385 0.130769 0.0461538 0.0153846 0.746154 0 0 0 0 1 0.307692 0.253846 0.184615 0.146154 0.107692 
0 0 0 0 1 0 0 0.268116 0.144928 0.586957 0 0 0 0 1 0 0 0 0 1 0 0 0 0 1 0 0 0 0 1 0.688406 0.166667 0.00724638 0.0144928 0.123188 0.101449 0.0289855 0.0144928 0.152174 0.702899 0 0 0.0797101 0.282609 0.637681 0 0 0 0.0724638 0.927536 
0 0 0 0 1 0 0 0.480519 0.38961 0.12987 0 0 0.225108 0.203463 0.571429 0 0 0 0 1 0 0 0 0.025974 0.974026 0.393939 0.0865801 0.00865801 0.112554 0.398268 0 0.484848 0 0.294372 0.220779 0.480519 0.034632 0 0 0.484848 0 0 0 0.558442 0.441558 0.242424 0.229437 0.047619 0.186147 0.294372 
0 0 0 0 1 0 0 0.0275862 0.413793 0.558621 0 0 0.00689655 0.386207 0.606897 0 0 0 0 1 0 0 0 0 1 0 0.17931 0.413793 0.331034 0.0758621 0 0 0 0.0758621 0.924138 0 0 0 0.682759 0.317241 0 0 0 0 1 0 0 0 0 1 
0 0 0 0 1 0 0 0 0.981818 0.0181818 0 0 0 0.8 0.2 0 0 0 0 1 0 0 0 0 1 0.557576 0.0121212 0.0121212 0.0181818 0.4 0 0 0 0 1 0 0.00606061 0.00606061 0.0727273 0.915152 0 0 0 0.169697 0.830303 0.272727 0.145455 0 0.254545 0.327273 
0 0 0 0 1 0 0 0 0 1 0 0 0.255144 0.613169 0.131687 0 0 0 0 1 0 0 0 0 1 0.144033 0.0329218 0.0946502 0.0411523 0.687243 0 0 0 0 1 0 0 0 0.559671 0.440329 0 0 0 0 1 0.54321 0.185185 0.090535 0.037037 0.144033 
0 0 0 0 1 0 0 0 0.226316 0.773684 0 0 0.0210526 0.684211 0.294737 0 0 0 0.0105263 0.989474 0 0 0 0 1 0.231579 0.0421053 0.0473684 0.278947 0.4 0 0 0 0 1 0 0 0 0.431579 0.568421 0 0 0 0.331579 0.668421 0 0.231579 0.468421 0.0368421 0.263158 
0 0 0 0 1 0 0 0.00529101 0.306878 0.687831 0 0 0.857143 0.111111 0.031746 0 0 0 0 1 0 0 0 0 1 0.201058 0.280423 0.232804 0.169312 0.116402 0.10582 0.444444 0.206349 0.216931 0.026455 0.0529101 0.164021 0.132275 0.396825 0.253968 0 0 0.0793651 0.825397 0.0952381 0.116402 0.0529101 0.343915 0.338624 0.148148 
0 0 0 0 1 0 0 0 0 1 0 0.1175 0.3475 0.4 0.135 0 0 0 0.0275 0.9725 0 0 0 0.015 0.985 0.0625 0.1875 0.6025 0.1375 0.01 0 0 0 0 1 0 0 0 0.565 0.435 0.2075 0.355 0.3175 0.09 0.03 0.0175 0.4 0.475 0.07 0.0375 
0 0 0 0 1 0 0 0 0 1 0 0 0 0.0911528 0.908847 0 0 0 0 1 0 0 0 0 1 0 0 0 0.485255 0.514745 0 0 0 0.0107239 0.989276 0 0 0.0884719 0.418231 0.493298 0 0.0160858 0.0268097 0.126005 0.831099 0 0.0428954 0.147453 0.353887 0.455764 
0 0 0 0 1 0 0.0235849 0.533019 0.358491 0.0849057 0 0 0 0.207547 0.792453 0 0 0 0.0613208 0.938679 0 0 0 0 1 0.339623 0.334906 0.179245 0.0849057 0.0613208 0.0141509 0.0566038 0.287736 0.495283 0.146226 0.301887 0.528302 0.0849057 0.0330189 0.0518868 0 0 0.00943396 0.316038 0.674528 0 0.122642 0.245283 0.363208 0.268868 
0 0 0 0 1 0 0.00996678 0.089701 0.481728 0.418605 0 0.0365449 0.179402 0.598007 0.186047 0 0 0 0 1 0 0 0 0 1 0.272425 0.219269 0.255814 0.166113 0.0863787 0.677741 0.20598 0.0299003 0.0166113 0.0697674 0 0 0.0730897 0.0730897 0.853821 0 0 0 0 1 0 0 0.112957 0.405316 0.481728 
0 0 0 0 1 0 0 0.009375 0.209375 0.78125 0 0 0 0.240625 0.759375 0 0 0 0 1 0 0 0 0 1 0.146875 0.0375 0.015625 0.134375 0.665625 0.253125 0.075 0.0375 0.334375 0.3 0.378125 0.234375 0.04375 0.065625 0.278125 0 0 0 0.115625 0.884375 0.415625 0.3875 0.0125 0.046875 0.1375 
0 0 0 0 1 0 0 0.00537634 0.330645 0.663979 0 0.0483871 0.0806452 0.793011 0.077957 0 0 0 0 1 0 0 0 0 1 0 0 0.0403226 0.263441 0.696237 0.061828 0.147849 0.0672043 0.553763 0.169355 0.303763 0.416667 0.0698925 0.153226 0.0564516 0 0 0 0.33871 0.66129 0.126344 0.185484 0.580645 0.0698925 0.0376344 
0 0 0 0 1 0 0 0 0.02 0.98 0 0 0 0.305 0.695 0 0 0 0 1 0 0 0 0 1 0 0.08 0.46 0.33 0.13 0 0 0 0 1 0 0 0 0.47 0.53 0 0 0 0 1 0.17 0.265 0.085 0.33 0.15 
0 0 0 0 1 0 0 0 0 1 0 0 0 0.407407 0.592593 0 0 0 0 1 0 0 0 0 1 0.351852 0.522222 0.0481481 0.0222222 0.0555556 0 0 0 0 1 0 0 0 0.188889 0.811111 0 0 0.0518519 0.4 0.548148 0 0 0.0740741 0.137037 0.788889 
0 0 0 0 1 0 0 0 0.665595 0.334405 0 0.151125 0.199357 0.199357 0.450161 0 0 0 0.273312 0.726688 0 0 0 0.0803858 0.919614 0 0 0.337621 0.340836 0.321543 0 0.0192926 0.0353698 0.347267 0.598071 0.549839 0.0932476 0.302251 0.0353698 0.0192926 0.138264 0.0675241 0.138264 0.450161 0.205788 0.073955 0.26045 0.549839 0.0900322 0.0257235 
0 0 0 0 1 0 0 0.0990991 0.635135 0.265766 0 0 0 0.112613 0.887387 0 0 0 0 1 0 0 0 0 1 0 0 0 0.851351 0.148649 0 0 0.288288 0.671171 0.0405405 0 0.00900901 0.0675676 0.346847 0.576577 0 0 0 0.00900901 0.990991 0 0 0.027027 0.337838 0.635135 
0 0 0 0.0225225 0.977477 0 0.130631 0.364865 0.31982 0.184685 0 0.171171 0.527027 0.171171 0.130631 0 0 0 0.0585586 0.941441 0 0 0 0.684685 0.315315 0.0495495 0.27027 0.315315 0.256757 0.108108 0.211712 0.400901 0.211712 0.166667 0.00900901 0.018018 0.27027 0.225225 0.315315 0.171171 0 0.0045045 0.391892 0.518018 0.0855856 0.198198 0.324324 0.261261 0.171171 0.045045 
0 0 0 0 1 0 0 0.101961 0.305882 0.592157 0 0 0.0627451 0.211765 0.72549 0 0 0 0 1 0 0 0 0 1 0.0901961 0.121569 0.552941 0.168627 0.0666667 0.168627 0.172549 0.262745 0.298039 0.0980392 0 0 0.0156863 0.32549 0.658824 0 0 0.00784314 0.0117647 0.980392 0 0 0.101961 0.67451 0.223529 
0 0 0 0 1 0 0 0 0.465704 0.534296 0 0 0.0577617 0.642599 0.299639 0 0 0.425993 0.306859 0.267148 0 0 0 0.00361011 0.99639 0 0 0 0.104693 0.895307 0 0 0.00361011 0.386282 0.610108 0 0.115523 0.65343 0.205776 0.0252708 0.472924 0.31769 0.0758123 0.032491 0.101083 0 0 0.144404 0.801444 0.0541516 
0 0 0 0 1 0 0.00361664 0.188065 0.359855 0.448463 0 0 0.0216998 0.356239 0.622061 0 0 0 0 1 0 0 0 0.00904159 0.990958 0.515371 0.292948 0.0632911 0.0831826 0.045208 0.157324 0.0650995 0.0578662 0.280289 0.439421 0 0 0 0.0940325 0.905967 0 0 0.875226 0.112116 0.0126582 0 0 0 0.108499 0.891501 
0 0 0 0 1 0 0 0.0336134 0.222689 0.743697 0 0 0 0.0672269 0.932773 0 0 0 0.012605 0.987395 0 0 0 0.210084 0.789916 0 0 0.0210084 0.60084 0.378151 0.0630252 0.0252101 0.0378151 0.0420168 0.831933 0 0 0.155462 0.739496 0.105042 0 0 0 0.201681 0.798319 0 0 0.0210084 0.621849 0.357143 
0 0 0 0 1 0 0 0 0 1 0 0 0 0.948052 0.0519481 0 0 0 0 1 0 0 0 0 1 0.004329 0.004329 0.012987 0.225108 0.753247 0 0 0 0 1 0 0 0 0 1 0 0 0 0 1 0 0 0 0.0649351 0.935065 
0 0 0 0 1 0 0 0 0.0434783 0.956522 0 0 0.0289855 0.557971 0.413043 0 0 0.231884 0.144928 0.623188 0 0 0 0.84058 0.15942 0.0144928 0.0507246 0.166667 0.134058 0.634058 0.0724638 0.369565 0.0905797 0.141304 0.326087 0 0 0.0434783 0.405797 0.550725 0.00724638 0.101449 0.355072 0.311594 0.224638 0.742754 0.00362319 0.0688406 0.0978261 0.0869565 
0 0 0 0 1 0 0 0 0.00383142 0.996169 0 0 0.245211 0.180077 0.574713 0 0 0 0 1 0 0 0 0 1 0.191571 0.383142 0.40613 0.00383142 0.0153257 0.0804598 0.091954 0.0268199 0.35249 0.448276 0 0 0 0.770115 0.229885 0 0 0 0.256705 0.743295 0 0 0 0.0191571 0.980843 
0 0 0 0 1 0 0 0 0.173611 0.826389 0 0.625 0 0 0.375 0 0 0 0.829861 0.170139 0 0 0 0.135417 0.864583 0 0 0.0347222 0.243056 0.722222 0 0 0 0 1 0 0.0173611 0.569444 0.3125 0.100694 0.135417 0.149306 0.440972 0.21875 0.0555556 0.625 0.111111 0.1875 0.0173611 0.0590278 
0 0 0 0 1 0 0 0 0 1 0 0 0 0 1 0 0 0 0 1 0 0 0 0 1 0 0 0 0.131579 0.868421 0 0 0 0 1 0 0 0 0 1 0 0 0 0.481203 0.518797 0 0 0 0 1 
0 0 0 0 1 0 0 0 0 1 0 0 0 0.605578 0.394422 0 0 0 0 1 0 0 0 0 1 0.7251 0.151394 0.0159363 0.0239044 0.0836653 0 0 0 0.0119522 0.988048 0 0.139442 0.243028 0.23506 0.38247 0 0 0 0.0159363 0.984064 0 0.0876494 0.0398406 0.223108 0.649402 
0 0 0 0.0159363 0.984064 0 0 0.0677291 0.685259 0.247012 0 0 0.0916335 0.38247 0.525896 0 0 0 0.0876494 0.912351 0 0 0 0.10757 0.89243 0.840637 0.0278884 0.00398406 0.00796813 0.119522 0 0.0199203 0.14741 0.609562 0.223108 0.0557769 0.63745 0.211155 0.063745 0.0318725 0.243028 0.227092 0.262948 0.211155 0.0557769 0.111554 0.0159363 0.00398406 0.10757 0.760956 
0 0 0 0 1 0 0 0 0 1 0 0 0 0.674286 0.325714 0 0 0 0 1 0 0 0 0 1 0.84 0.0342857 0.0114286 0.0114286 0.102857 0 0 0 0 1 0 0 0 0.382857 0.617143 0 0 0 0 1 0 0.0971429 0.0171429 0.0228571 0.862857 
0 0 0 0.0947368 0.905263 0 0.101754 0.154386 0.607018 0.136842 0 0 0.108772 0.480702 0.410526 0 0 0 0.270175 0.729825 0 0 0 0.077193 0.922807 0.708772 0.112281 0.00350877 0.0701754 0.105263 0 0 0 0.698246 0.301754 0.14386 0.252632 0.347368 0.210526 0.045614 0.221053 0.231579 0.294737 0.189474 0.0631579 0.105263 0.0701754 0.00701754 0.157895 0.659649 
0 0 0 0 1 0 0 0 0.150485 0.849515 0 0 0.5 0.281553 0.218447 0 0 0 0 1 0 0 0 0 1 0.18932 0.296117 0.038835 0.247573 0.228155 0 0 0 0 1 0 0 0.038835 0.174757 0.786408 0.116505 0.237864 0.378641 0.184466 0.0825243 0.165049 0.296117 0.0485437 0.0582524 0.432039 
0 0 0 0 1 0 0 0 0.153846 0.846154 0 0 0.0202429 0.303644 0.676113 0 0 0 0 1 0 0 0 0.0161943 0.983806 0.700405 0.11336 0.0526316 0.0607287 0.0728745 0 0 0 0.425101 0.574899 0.11336 0.0242915 0.133603 0.408907 0.319838 0.129555 0.157895 0.230769 0.279352 0.202429 0 0.0809717 0.0769231 0.121457 0.720648 
0 0 0 0 1 0 0 0 0 1 0 0 0 0 1 0 0 0 0 1 0 0 0 0.536145 0.463855 0 0 0 0 1 0 0 0 0 1 0 0 0 0.686747 0.313253 0 0 0 0.451807 0.548193 0.204819 0.253012 0.168675 0.337349 0.0361446 
0 0 0 0 1 0 0 0 0 1 0 0 0 0 1 0 0 0 0 1 0 0 0 0 1 0 0.183036 0.535714 0.03125 0.25 0 0 0 0 1 0 0 0.0803571 0.620536 0.299107 0 0 0.0625 0.254464 0.683036 0 0 0 0.258929 0.741071 
0 0 0 0 1 0.013986 0.13986 0.58042 0.237762 0.027972 0 0.0034965 0.29021 0.433566 0.272727 0 0 0 0.0594406 0.940559 0 0 0 0.353147 0.646853 0.0314685 0.304196 0.146853 0.451049 0.0664336 0.79021 0.0839161 0.013986 0.0384615 0.0734266 0.0909091 0.0174825 0.0174825 0.0804196 0.793706 0 0 0 0.318182 0.681818 0.472028 0.0524476 0.0104895 0.286713 0.178322 
0 0 0 0.0358127 0.964187 0 0 0 0.30854 0.69146 0 0 0.0358127 0.289256 0.674931 0 0 0 0 1 0 0 0 0.00826446 0.991736 0 0 0 0.0495868 0.950413 0.107438 0.61708 0.0578512 0.126722 0.0909091 0 0 0.0358127 0.220386 0.743802 0.0853994 0.176309 0.242424 0.360882 0.134986 0 0.0440771 0.628099 0.269972 0.0578512 
0 0 0 0 1 0 0 0 0 1 0 0.0153061 0.0969388 0.836735 0.0510204 0 0 0 0.209184 0.790816 0 0 0 0.00510204 0.994898 0.0255102 0.00510204 0.0714286 0.102041 0.795918 0 0 0 0 1 0 0.0255102 0.25 0.530612 0.193878 0 0 0.0102041 0.19898 0.790816 0.80102 0.147959 0.0204082 0.00510204 0.0255102 
0 0 0 0 1 0 0 0 0.0833333 0.916667 0 0 0.339286 0.541667 0.119048 0 0 0 0 1 0 0 0 0 1 0 0.791667 0.142857 0.00595238 0.0595238 0 0 0 0 1 0 0 0 0 1 0 0 0 0.047619 0.952381 0 0 0 0.0654762 0.934524 
0 0 0 0 1 0 0 0 0 1 0 0 0 0.662222 0.337778 0 0 0 0 1 0 0 0 0 1 0 0 0.08 0.866667 0.0533333 0 0 0 0 1 0 0 0 0.0222222 0.977778 0 0 0 0.0533333 0.946667 0 0.0177778 0.0311111 0.511111 0.44 
0 0 0 0 1 0 0 0.313726 0.62465 0.0616246 0 0 0 0.142857 0.857143 0 0 0 0 1 0 0 0 0 1 0 0 0.0280112 0.7507 0.221289 0.633053 0.285714 0.047619 0.0112045 0.022409 0 0 0 0.0784314 0.921569 0 0 0 0 1 0 0 0 0.0196078 0.980392 
0 0 0 0 1 0 0 0 0 1 0 0 0 0.853147 0.146853 0 0 0 0 1 0 0 0 0.468531 0.531469 0 0 0.0839161 0.769231 0.146853 0 0 0.398601 0.545455 0.0559441 0.034965 0.041958 0.174825 0.496504 0.251748 0.300699 0.160839 0.307692 0.0699301 0.160839 0 0.027972 0.160839 0.391608 0.41958 
0 0 0 0 1 0 0 0 0 1 0 0 0 0 1 0 0 0 0 1 0 0 0 0 1 0.117978 0.258427 0.455056 0.11236 0.0561798 0.421348 0.353933 0.123596 0.0449438 0.0561798 0 0 0 0.0337079 0.966292 0 0 0 0 1 0 0 0 0 1 
0 0 0 0 1 0 0 0.085034 0.619048 0.295918 0 0 0.0816327 0.863946 0.0544218 0 0 0 0 1 0 0 0 0.0238095 0.97619 0 0.105442 0.0408163 0.142857 0.710884 0.00340136 0.085034 0.0136054 0.615646 0.282313 0.248299 0.653061 0.0102041 0.085034 0.00340136 0.0442177 0.0714286 0.255102 0.578231 0.0510204 0.14966 0.670068 0.0442177 0.0306122 0.105442 
0 0 0 0 1 0 0 0 0.00938967 0.99061 0 0 0 0 1 0 0 0 0 1 0 0 0 0 1 0 0 0.892019 0.0938967 0.0140845 0.0187793 0.0375587 0.769953 0.15493 0.0187793 0 0 0 0.286385 0.713615 0 0 0 0 1 0 0 0 0 1 
0 0 0 0 1 0 0 0 0 1 0 0 0 0 1 0 0 0 0.279412 0.720588 0 0 0 0 1 0 0 0 0 1 0 0 0 0 1 0 0 0.0147059 0.495098 0.490196 0.0588235 0.637255 0.0343137 0.245098 0.0245098 0 0 0.0490196 0.77451 0.176471 
0 0 0 0 1 0 0 0 0.217822 0.782178 0 0 0 0.415842 0.584158 0 0 0 0 1 0 0 0 0 1 0.0693069 0.361386 0.440594 0.108911 0.019802 0.039604 0.123762 0 0.00495049 0.831683 0 0.831683 0.00495049 0 0.163366 0 0 0 0 1 0 0 0.019802 0.405941 0.574257 
0 0 0 0 1 0 0 0 0.37561 0.62439 0 0 0 0.55122 0.44878 0 0 0 0 1 0 0 0 0 1 0.0292683 0.0341463 0.526829 0.0195122 0.390244 0 0 0.146341 0.526829 0.326829 0.0487805 0.195122 0.521951 0.141463 0.0926829 0 0 0.00487805 0.868293 0.126829 0.35122 0.0731707 0.443902 0.102439 0.0292683 
0 0 0 0 1 0 0 0 0 1 0 0 0.534884 0.310078 0.155039 0 0 0 0 1 0 0 0 0 1 0 0 0.662791 0.29845 0.0387597 0 0 0 0.0116279 0.988372 0 0 0 0 1 0 0.00387597 0.0116279 0.217054 0.767442 0 0 0 0.0271318 0.972868 
0 0 0 0 1 0 0 0.894515 0.0464135 0.0590717 0 0 0.0801688 0.894515 0.0253165 0 0 0 0.00421941 0.995781 0 0 0 0 1 0 0 0 0.160338 0.839662 0 0 0 0.443038 0.556962 0.0379747 0.0464135 0.0168776 0.476793 0.421941 0 0 0 0.776371 0.223629 0.156118 0.274262 0.337553 0.07173 0.160338 
0 0 0 0 1 0 0 0 0.798883 0.201117 0 0 0 0 1 0 0 0 0 1 0 0 0 0 1 0 0 0 0.027933 0.972067 0 0 0 0.117318 0.882682 0 0 0 0.832402 0.167598 0 0 0 0 1 0 0 0 0 1 
0 0 0 0 1 0 0 0 0 1 0 0 0 0.449275 0.550725 0 0 0.0434783 0.666667 0.289855 0 0 0 0 1 0.0289855 0.0217391 0.00724638 0.0144928 0.927536 0 0 0 0 1 0 0 0 0.00724638 0.992754 0 0 0 0.0144928 0.985507 0 0 0.942029 0.0144928 0.0434783 
0 0 0 0.0165017 0.983498 0 0.0528053 0.237624 0.231023 0.478548 0 0.115512 0.349835 0.181518 0.353135 0 0 0 0 1 0 0 0 0.151815 0.848185 0.277228 0.382838 0.224422 0.0693069 0.0462046 0.211221 0.547855 0.0924092 0.112211 0.0363036 0.049505 0.0858086 0.184818 0.504951 0.174917 0.0891089 0.234323 0.0990099 0.155116 0.422442 0 0.0429043 0.10231 0.363036 0.491749 
0 0 0 0 1 0 0 0 0 1 0 0 0.0204082 0.821429 0.158163 0 0 0 0.0204082 0.979592 0 0 0 0 1 0 0 0 0.0306122 0.969388 0 0 0 0 1 0 0 0 0.55102 0.44898 0.418367 0.27551 0.22449 0.0663265 0.0153061 0 0 0.0306122 0.341837 0.627551 
0 0 0 0.0833333 0.916667 0 0.00490196 0.20098 0.710784 0.0833333 0 0.0980392 0.436274 0.205882 0.259804 0 0 0 0.00980392 0.990196 0 0 0 0.00980392 0.990196 0.406863 0.460784 0.107843 0 0.0245098 0.284314 0.514706 0.132353 0.0294118 0.0392157 0.0294118 0.0245098 0.171569 0.45098 0.323529 0.0294118 0.230392 0.465686 0.230392 0.0441176 0.00490196 0.0196078 0.25 0.362745 0.362745 
0 0 0 0.0919881 0.908012 0 0 0 0.311573 0.688427 0 0 0.0267062 0.0385757 0.934718 0 0 0 0 1 0 0 0 0.72997 0.27003 0 0 0 0 1 0 0 0 0 1 0 0 0.0207715 0.637982 0.341246 0.21365 0.127596 0.632047 0.0118694 0.0148368 0.0178042 0.219585 0.0356083 0.709199 0.0178042 
0 0 0 0.0592593 0.940741 0 0 0.0259259 0.322222 0.651852 0 0.0777778 0.355556 0.514815 0.0518519 0 0 0 0.140741 0.859259 0 0 0 0.181481 0.818519 0.00740741 0.0333333 0.140741 0.474074 0.344444 0.0703704 0.0222222 0.274074 0.488889 0.144444 0.118519 0.466667 0.318519 0.0037037 0.0925926 0.0777778 0.314815 0.340741 0.237037 0.0296296 0.37037 0.355556 0.174074 0.0703704 0.0296296 
0 0 0 0 1 0 0 0 0 1 0 0 0 0.0776256 0.922374 0 0 0 0.771689 0.22831 0 0 0 0.844749 0.155251 0 0 0.0136986 0.625571 0.360731 0 0 0 0 1 0 0 0.319635 0.488584 0.191781 0.150685 0.123288 0.127854 0.557078 0.0410959 0 0 0 0.392694 0.607306 
0 0 0 0.0229008 0.977099 0 0.00763359 0.141221 0.412214 0.438931 0 0.0114504 0.217557 0.145038 0.625954 0 0 0 0 1 0 0 0 0.419847 0.580153 0.232824 0.732824 0.00381679 0.00763359 0.0229008 0.0343511 0.748092 0.164122 0.0458015 0.00763359 0 0.00763359 0.0725191 0.614504 0.305344 0.0534351 0.328244 0.347328 0.164122 0.10687 0.019084 0.00763359 0.00763359 0.427481 0.538168 
0 0.00406504 0 0.479675 0.51626 0 0 0 0.878049 0.121951 0 0.0731707 0.439024 0.48374 0.00406504 0 0 0.0609756 0.45935 0.479675 0 0 0.321138 0.247967 0.430894 0 0 0 0.922764 0.0772358 0 0 0.0162602 0.434959 0.548781 0.00406504 0.390244 0.418699 0.158537 0.0284553 0 0.325203 0.199187 0.231707 0.243902 0.00813008 0.0162602 0.504065 0.443089 0.0284553 
0 0 0 0 1 0 0 0.0684932 0.85274 0.0787671 0 0.0205479 0.373288 0.332192 0.273973 0 0 0 0 1 0 0 0 0 1 0 0.150685 0.493151 0.246575 0.109589 0 0 0.0273973 0.294521 0.678082 0 0 0 0.208904 0.791096 0 0 0.229452 0.691781 0.0787671 0 0 0.106164 0.469178 0.424658 
0 0.0316901 0.0352113 0.644366 0.288732 0 0 0.0704225 0.859155 0.0704225 0 0 0 0.59507 0.40493 0 0 0.992958 0.00352113 0.00352113 0 0 0 0 1 0.197183 0.302817 0.172535 0.137324 0.190141 0.0105634 0.0457746 0.00352113 0 0.940141 0.901408 0.0915493 0.00352113 0 0.00352113 0 0 0 0.00352113 0.996479 0 0.15493 0.161972 0.119718 0.56338 
0 0 0 0 1 0 0 0 0 1 0 0 0.194757 0.782772 0.0224719 0 0 0 0 1 0 0 0 0 1 0 0 0.0524345 0.921348 0.0262172 0 0 0 0 1 0 0 0 0.569288 0.430712 0 0 0 0.17603 0.82397 0 0 0.0224719 0.161049 0.816479 
0 0 0 0.00896861 0.991031 0 0 0.255605 0.26009 0.484305 0 0 0.41704 0.434978 0.147982 0 0 0.00896861 0.0941704 0.896861 0 0.0224215 0.390135 0.2287 0.358744 0 0 0.143498 0.255605 0.600897 0.0134529 0.0179372 0.475336 0.242152 0.251121 0.412556 0.237668 0.179372 0 0.170404 0.0403587 0.215247 0.0627803 0.412556 0.269058 0 0.044843 0.35426 0.224215 0.376682 
0 0 0 0 1 0 0.0731707 0.166667 0.353659 0.406504 0 0.0609756 0.162602 0.552846 0.223577 0 0 0 0.674797 0.325203 0 0.00813008 0.154472 0.451219 0.386179 0 0.361789 0.479675 0.113821 0.0447154 0 0 0.447154 0.369919 0.182927 0 0.0243902 0.142276 0.321138 0.512195 0.682927 0.0853659 0.101626 0.0813008 0.0487805 0.0447154 0.227642 0.0731707 0.272358 0.382114 
0 0 0 0.162963 0.837037 0 0 0.0185185 0.622222 0.359259 0.0555556 0.037037 0.244444 0.433333 0.22963 0 0 0 0.0481481 0.951852 0 0 0 0.0481481 0.951852 0.00740741 0.0148148 0.144444 0.451852 0.381481 0 0 0 0.144444 0.855556 0.248148 0.188889 0.233333 0.274074 0.0555556 0.0148148 0.062963 0.148148 0.562963 0.211111 0.37037 0.414815 0.192593 0.0148148 0.00740741 
0 0 0 0.0869565 0.913043 0 0 0.186957 0.726087 0.0869565 0 0 0.00434783 0.821739 0.173913 0 0 0.00434783 0.0347826 0.96087 0 0 0 0.0347826 0.965217 0 0 0.0956522 0.347826 0.556522 0 0 0.13913 0.247826 0.613043 0.526087 0.182609 0.117391 0.117391 0.0565217 0.317391 0.373913 0.221739 0.073913 0.0130435 0.195652 0.352174 0.3 0.0652174 0.0869565 
0 0 0 0.221519 0.778481 0 0.0886076 0.462025 0.256329 0.193038 0 0.291139 0.601266 0.0601266 0.0474684 0 0 0 0.64557 0.35443 0 0 0.0126582 0.310127 0.677215 0.14557 0.401899 0.0506329 0.227848 0.174051 0 0.00316456 0.00632911 0.177215 0.813291 0.693038 0.294304 0.00316456 0.00632911 0.00316456 0.0727848 0.28481 0.278481 0.303797 0.0601266 0.170886 0.193038 0.151899 0.449367 0.0348101 
0 0 0 0.0204918 0.979508 0 0 0.229508 0.67623 0.0942623 0 0 0.758197 0.209016 0.0327869 0 0 0.590164 0.143443 0.266393 0 0 0 0.254098 0.745902 0.0122951 0.0409836 0.0122951 0.377049 0.557377 0 0 0.0245902 0.487705 0.487705 0.22541 0.188525 0.356557 0.122951 0.106557 0.278689 0 0.0983607 0.446721 0.17623 0.401639 0.495902 0.045082 0.0327869 0.0245902 
0 0 0 0.00343643 0.996564 0.0103093 0.0893471 0.0652921 0.175258 0.659794 0 0 0.024055 0.371134 0.604811 0 0 0 0.0446735 0.955326 0 0 0 0 1 0 0 0.522337 0.38488 0.0927835 0 0.0996564 0.738832 0.0927835 0.0687285 0.04811 0.0962199 0.278351 0.388316 0.189003 0.00343643 0.0824742 0.137457 0.652921 0.123711 0 0.0721649 0.261168 0.357388 0.309278 
0 0 0.0176991 0.371681 0.610619 0 0.0176991 0.651917 0.233038 0.0973451 0 0 0.159292 0.460177 0.380531 0 0 0 0 1 0 0.129794 0.536873 0.185841 0.147493 0 0 0.0825959 0.498525 0.418879 0 0.0855457 0.345133 0.185841 0.383481 0.362832 0.135693 0.109145 0.253687 0.138643 0.522124 0.182891 0.182891 0.0825959 0.0294985 0.224189 0.271386 0.312684 0.115044 0.0766962 
0 0 0 0 1 0 0 0 0.141304 0.858696 0 0 0 0 1 0 0 0 0.0217391 0.978261 0 0 0 0.652174 0.347826 0.0108696 0.38587 0.396739 0.0326087 0.173913 0 0 0 0.0108696 0.98913 0.0108696 0.0380435 0.048913 0.619565 0.282609 0 0.00543478 0.0978261 0.548913 0.347826 0 0 0 0.217391 0.782609 
0 0 0 0.184906 0.815094 0 0 0.0603774 0.430189 0.509434 0 0.0264151 0.422642 0.449057 0.101887 0 0 0 0 1 0 0 0 0.0113208 0.988679 0 0 0 0.267925 0.732075 0 0 0.0113208 0.479245 0.509434 0 0.211321 0.328302 0.29434 0.166038 0 0 0.169811 0.54717 0.283019 0.328302 0.113208 0.279245 0.162264 0.116981 
0 0 0.0236486 0.10473 0.871622 0 0.00675676 0.239865 0.516892 0.236486 0 0 0.472973 0.266892 0.260135 0 0 0.00675676 0.182432 0.810811 0 0 0.0439189 0.199324 0.756757 0.0168919 0.0506757 0.307432 0.405405 0.219595 0 0 0 0.574324 0.425676 0.243243 0.209459 0.192568 0.209459 0.14527 0.320946 0.0675676 0.14527 0.320946 0.14527 0.0135135 0.560811 0.358108 0 0.0675676 
0 0 0 0.103858 0.896142 0 0.0118694 0.234421 0.531157 0.222552 0 0.192878 0.356083 0.364985 0.0860534 0 0 0.00890208 0.160237 0.830861 0 0 0.00593472 0.0563798 0.937685 0 0.0385757 0.267062 0.15727 0.537092 0 0.0771513 0.382789 0.296736 0.243323 0.234421 0.27003 0.192878 0.142433 0.160237 0.189911 0.160237 0.139466 0.421365 0.0890208 0.418398 0.225519 0.103858 0.166172 0.0860534 
0 0 0 0.0458716 0.954128 0 0.0366972 0.293578 0.284404 0.385321 0 0.183486 0.100917 0.348624 0.366972 0 0 0 0.201835 0.798165 0 0 0 0.192661 0.807339 0.59633 0.100917 0.0183486 0.0183486 0.266055 0.651376 0.0550459 0.00917431 0.0183486 0.266055 0 0.266055 0.0183486 0.00917431 0.706422 0 0 0 0.449541 0.550459 0.0458716 0.238532 0.0183486 0.0275229 0.669725 
0 0 0 0.248447 0.751553 0 0.229814 0.447205 0.180124 0.142857 0 0.173913 0.304348 0.273292 0.248447 0 0 0 0.0434783 0.956522 0 0 0 0.00621118 0.993789 0.416149 0.254658 0.0807453 0.0621118 0.186335 0.521739 0.204969 0.0496894 0.0807453 0.142857 0.15528 0.0621118 0.0621118 0.360248 0.360248 0 0.0186335 0.0559006 0.546584 0.378882 0.180124 0.068323 0.0496894 0.434783 0.267081 
0 0 0 0 1 0 0.0322581 0.225806 0.322581 0.419355 0 0 0.236559 0.365591 0.397849 0 0 0 0 1 0 0 0 0 1 0.365591 0.44086 0.0322581 0.0107527 0.150538 0.419355 0.430108 0.0107527 0.0107527 0.129032 0.11828 0.0107527 0.0107527 0.0322581 0.827957 0 0.301075 0.473118 0.16129 0.0645161 0.0645161 0.0860215 0.0215054 0.150538 0.677419 
0 0 0 0.0653595 0.934641 0 0 0.111111 0.398693 0.490196 0 0 0.117647 0.359477 0.522876 0 0 0 0.509804 0.490196 0 0 0 0.444444 0.555556 0.705882 0.163399 0.0130719 0.0130719 0.104575 0.679739 0.189542 0.0130719 0.0130719 0.104575 0 0.111111 0.0130719 0.156863 0.718954 0 0.117647 0.418301 0.352941 0.111111 0.0915033 0.0196078 0.0130719 0.261438 0.614379 
0 0 0 0 1 0 0.025641 0.574359 0.169231 0.230769 0.0153846 0.0512821 0.610256 0.184615 0.138462 0 0 0.00512821 0.117949 0.876923 0 0 0 0 1 0.128205 0.584615 0.0410256 0.025641 0.220513 0.0871795 0.697436 0.00512821 0.00512821 0.205128 0 0.205128 0.00512821 0.14359 0.646154 0.651282 0.251282 0.0769231 0.0153846 0.00512821 0.153846 0.0666667 0.025641 0.246154 0.507692 
0 0 0 0 1 0 0.046729 0.67757 0.140187 0.135514 0 0.0046729 0.64486 0.224299 0.126168 0 0 0 0 1 0 0 0 0.00934579 0.990654 0.186916 0.350467 0.0654206 0.0794393 0.317757 0.172897 0.392523 0.0514019 0.0280374 0.35514 0.0140187 0.336449 0.0280374 0.0794393 0.542056 0 0.0794393 0.528037 0.252336 0.140187 0.0560748 0.275701 0.0934579 0.163551 0.411215 
0 0 0 0.0582011 0.941799 0 0.26455 0.507937 0.142857 0.0846561 0.010582 0.190476 0.349206 0.185185 0.26455 0 0 0 0.444444 0.555556 0 0 0.0687831 0.582011 0.349206 0.433862 0.238095 0.232804 0.031746 0.0634921 0.391534 0.153439 0.047619 0.0793651 0.328042 0.185185 0.216931 0.015873 0.243386 0.338624 0 0.153439 0.439153 0.380952 0.026455 0.026455 0.0687831 0.238095 0.328042 0.338624 
0 0.170984 0.0259067 0.253886 0.549223 0 0.533679 0.357513 0.0829016 0.0259067 0 0.202073 0.321244 0.284974 0.19171 0 0 0.139896 0.186529 0.673575 0 0 0.015544 0.466321 0.518135 0.290155 0.11399 0.0673575 0.253886 0.274611 0.367876 0.176166 0.0414508 0.0777202 0.336788 0.0362694 0.336788 0.0725389 0.227979 0.326425 0.0414508 0.57513 0.264249 0.0932643 0.0259067 0.253886 0.248705 0.134715 0.196891 0.165803 
0 0 0 0 1 0 0 0.465517 0.267241 0.267241 0 0.0172414 0.448276 0.206897 0.327586 0 0 0 0.137931 0.862069 0 0 0 0.163793 0.836207 0.560345 0.103448 0.189655 0.0862069 0.0603448 0.551724 0.0862069 0.0344828 0.00862069 0.318966 0.301724 0.0258621 0.0172414 0.0517241 0.603448 0 0 0.137931 0.715517 0.146552 0.0948276 0.0517241 0.189655 0.0775862 0.586207 
0 0 0 0 1 0 0.176101 0.27673 0.27044 0.27673 0 0.150943 0.264151 0.226415 0.358491 0 0 0 0.144654 0.855346 0 0 0 0.0188679 0.981132 0.113208 0.534591 0.245283 0.0377358 0.0691824 0.100629 0.616352 0.194969 0.0314465 0.0566038 0 0.0314465 0.0566038 0.150943 0.761006 0 0.0440252 0.440252 0.446541 0.0691824 0 0 0.0754717 0.257862 0.666667 
0 0 0 0 1 0.00492611 0.197044 0.123153 0.182266 0.492611 0 0.157635 0.1133 0.211823 0.517241 0 0 0 0 1 0 0 0 0 1 0.044335 0.674877 0.118227 0.0788177 0.0837438 0.0985222 0.704434 0.0147783 0.0246305 0.157635 0 0.157635 0.0197044 0.0197044 0.802956 0 0 0 0 1 0 0 0.137931 0.0837438 0.778325 
0 0 0 0.0206186 0.979381 0 0.118557 0.164948 0.21134 0.505155 0 0.139175 0.0927835 0.293814 0.474227 0 0 0 0 1 0 0 0 0 1 0.417526 0.391753 0.00515464 0.00515464 0.180412 0.716495 0.0979381 0.00515464 0.0721649 0.108247 0.0773196 0.103093 0.00515464 0.0618557 0.752577 0 0 0.0927835 0.639175 0.268041 0.0618557 0.118557 0.00515464 0.43299 0.381443 
0 0 0 0 1 0 0 0 0.186147 0.813853 0 0 0 0.004329 0.995671 0 0 0 0 1 0 0 0 0.012987 0.987013 0.004329 0.00865801 0.0649351 0.519481 0.402597 0.0779221 0.242424 0.0519481 0.134199 0.493506 0.571429 0.0562771 0.038961 0.0606061 0.272727 0 0 0 0 1 0 0.419913 0.52381 0.047619 0.00865801 
0 0 0 0 1 0 0 0 0 1 0 0 0 0 1 0 0 0 0 1 0 0 0 0 1 0 0 0 0 1 0 0 0 0 1 0 0 0 0 1 0 0 0 0 1 0 0 0 0 1 
0 0 0 0 1 0 0 0 0 1 0 0 0.00763359 0.10687 0.885496 0 0 0 0.0229008 0.977099 0 0 0 0 1 0 0 0 0.305344 0.694656 0 0 0 0 1 0 0 0.656489 0.19084 0.152672 0.0534351 0.0458015 0.0916031 0.374046 0.435115 0.0610687 0.229008 0.175573 0.427481 0.10687 
0 0 0 0 1 0 0 0 0 1 0 0 0 0 1 0 0 0 0 1 0 0 0 0 1 0 0 0 0 1 0 0 0 0 1 0 0 0 0 1 0 0 0 0.00641026 0.99359 0 0 0 0 1 
0 0 0 0 1 0 0 0 0 1 0 0 0 0.0166667 0.983333 0 0 0 0 1 0 0 0 0 1 0 0 0 0.0111111 0.988889 0 0 0 0 1 0 0 0 0.0333333 0.966667 0 0 0 0.444444 0.555556 0 0.222222 0.411111 0.238889 0.127778 
0 0 0 0 1 0 0 0 0 1 0 0 0 0 1 0 0 0 0 1 0 0 0 0 1 0 0 0 0 1 0 0 0 0 1 0 0 0 0.0601852 0.939815 0 0.00925926 0.171296 0.592593 0.226852 0 0 0 0 1 
0 0 0 0 1 0 0 0 0 1 0 0 0 0 1 0 0 0 0 1 0 0 0 0 1 0 0 0 0 1 0 0 0 0 1 0 0 0 0 1 0 0 0 0 1 0 0 0.223529 0.623529 0.152941 
0 0 0 0 1 0 0 0 0 1 0 0 0 0 1 0 0 0 0 1 0 0 0 0 1 0 0 0 0 1 0 0 0 0 1 0 0 0 0.775862 0.224138 0 0 0 0.591954 0.408046 0 0 0 0 1 
0 0 0 0 1 0 0 0 0 1 0 0 0 0 1 0 0 0 0.950617 0.0493827 0 0 0 0 1 0 0 0 0 1 0 0 0 0 1 0 0 0.037037 0.777778 0.185185 0 0 0 0 1 0 0 0.0123457 0.0802469 0.907407 
0 0 0 0 1 0 0 0 0 1 0 0 0 0 1 0 0 0 0 1 0 0 0 0 1 0 0 0 0 1 0 0 0 0 1 0 0 0 0 1 0 0.661202 0.174863 0.103825 0.0601093 0 0 0 0.125683 0.874317 
0 0 0 0 1 0 0 0 0 1 0 0 0 0 1 0 0 0 0 1 0 0 0 0 1 0 0 0 0 1 0 0 0 0.664948 0.335052 0.0206186 0.0927835 0.14433 0.391753 0.350515 0 0 0 0 1 0 0 0 0 1 
0 0 0 0 1 0 0 0 0.00966184 0.990338 0 0 0 0 1 0 0 0 0 1 0 0 0 0 1 0 0 0 0 1 0 0 0 0 1 0 0 0 0.545894 0.454106 0.0241546 0.0628019 0.0724638 0.468599 0.371981 0 0 0 0 1 
0 0 0 0 1 0 0 0 0 1 0 0 0.733333 0.2 0.0666667 0 0 0 0 1 0 0 0 0 1 0.133333 0.171429 0.0380952 0.32381 0.333333 0 0 0 0 1 0 0 0.0285714 0.714286 0.257143 0 0 0.047619 0.352381 0.6 0.0190476 0.6 0.047619 0.0571429 0.27619 
0 0 0 0.0105263 0.989474 0 0.0526316 0.294737 0.178947 0.473684 0 0 0.157895 0.705263 0.136842 0 0 0 0 1 0 0 0 0 1 0.368421 0.105263 0.0105263 0.0105263 0.505263 0 0 0.0105263 0.336842 0.652632 0.621053 0.231579 0.105263 0.0210526 0.0210526 0 0 0 0.0631579 0.936842 0.0526316 0.463158 0.0105263 0.0421053 0.431579 
0 0 0 0 1 0 0 0.0701754 0.877193 0.0526316 0 0 0.175439 0.719298 0.105263 0 0 0 0 1 0 0 0 0.0701754 0.929825 0 0 0.333333 0.561404 0.105263 0 0.0526316 0 0 0.947368 0.0175439 0.929825 0 0 0.0526316 0 0 0.0350877 0.245614 0.719298 0 0 0 0 1 
0 0 0 0.0784314 0.921569 0.0588235 0.137255 0.666667 0 0.137255 0 0 0.0980392 0.54902 0.352941 0 0 0 0.0588235 0.941176 0 0 0 0 1 0.490196 0.117647 0.0588235 0.235294 0.0980392 0 0.117647 0.0784314 0.607843 0.196078 0.117647 0.627451 0.0588235 0.0588235 0.137255 0.45098 0.0980392 0.196078 0.176471 0.0784314 0.0980392 0.235294 0.0196078 0.137255 0.509804 
0 0 0 0 1 0 0 0 0.144 0.856 0 0 0.728 0.224 0.048 0 0 0 0 1 0 0 0 0.08 0.92 0.328 0.304 0.016 0.016 0.336 0 0 0 0 1 0 0 0.008 0.584 0.408 0.168 0.264 0.288 0.12 0.16 0.328 0.016 0.016 0.36 0.28 
0 0 0 0 1 0 0 0 0 1 0 0 0.836207 0.0948276 0.0689655 0 0 0 0 1 0 0 0 0 1 0.0862069 0.181034 0.12069 0.0431034 0.568965 0 0 0 0 1 0 0 0 0.146552 0.853448 0 0.00862069 0.0431034 0.0948276 0.853448 0.0775862 0.491379 0.0517241 0.12069 0.258621 
0 0 0 0 1 0 0 0.422414 0.396552 0.181034 0 0.0689655 0.137931 0.637931 0.155172 0 0 0 0 1 0 0 0 0.0431034 0.956897 0.0775862 0.310345 0.137931 0.344828 0.12931 0 0 0 0.0344828 0.965517 0 0 0 0 1 0 0 0 0.62931 0.37069 0.137931 0.318966 0.137931 0.0517241 0.353448 
0 0 0 0 1 0 0 0 0 1 0 0 0.144 0.456 0.4 0 0 0 0 1 0 0 0 0 1 0.032 0.008 0.04 0.704 0.216 0 0 0 0 1 0 0 0.016 0.456 0.528 0 0 0 0 1 0.152 0.64 0.152 0.024 0.032 
0 0 0 0 1 0 0 0.00819672 0.196721 0.795082 0 0 0.581967 0.352459 0.0655738 0 0 0 0 1 0 0 0 0.0737705 0.92623 0.467213 0.0245902 0.0491803 0.131148 0.327869 0.5 0.172131 0.0163934 0.0163934 0.295082 0.270492 0.0327869 0.0163934 0.368852 0.311475 0 0 0 0.155738 0.844262 0.42623 0.0737705 0.0163934 0.0409836 0.442623 
0 0 0 0 1 0 0 0 0.415842 0.584158 0 0 0.544554 0.29703 0.158416 0 0 0 0 1 0 0 0 0 1 0.346535 0.039604 0.029703 0.029703 0.554455 0 0.168317 0.475248 0.217822 0.138614 0 0.0891089 0.178218 0.386139 0.346535 0 0 0 0.831683 0.168317 0.475248 0.0990099 0.029703 0.039604 0.356436 
0 0 0 0 1 0 0 0 0 1 0 0.0416667 0.833333 0.0583333 0.0666667 0 0 0 0 1 0 0 0 0 1 0 0.0416667 0.116667 0.533333 0.308333 0 0 0 0.591667 0.408333 0.00833333 0.075 0.141667 0.633333 0.141667 0 0 0 0.183333 0.816667 0.275 0.416667 0.166667 0.05 0.0916667 
0 0 0 0 1 0 0 0 0.377358 0.622642 0 0.113208 0.805031 0.0251572 0.0566038 0 0 0 0 1 0 0 0 0 1 0 0 0.081761 0.144654 0.773585 0 0 0 0.157233 0.842767 0.0566038 0.616352 0.163522 0.0125786 0.150943 0 0 0.0628931 0.238994 0.698113 0.0503145 0.704403 0.081761 0.0943396 0.0691824 
0 0 0 0 1 0 0 0.0075188 0.586466 0.406015 0 0 0 0.195489 0.804511 0 0 0 0 1 0 0 0 0.56391 0.43609 0 0 0.0977444 0.18797 0.714286 0 0 0.0902256 0.676692 0.233083 0.165414 0.180451 0.180451 0.466165 0.0075188 0 0 0 0.451128 0.548872 0.37594 0.278196 0.18797 0.12782 0.0300752 
0 0 0 0 1 0 0 0 0.407583 0.592417 0 0 0.0189573 0.521327 0.459716 0 0 0 0 1 0 0 0 0.042654 0.957346 0 0 0.0947867 0.582938 0.322275 0 0 0.014218 0.526066 0.459716 0.175355 0.57346 0.146919 0.0331754 0.0710901 0 0 0 0.549763 0.450237 0.156398 0.49763 0.260664 0.0758294 0.00947867 
0 0 0 0 1 0 0 0 0.271605 0.728395 0 0 0 0.117284 0.882716 0 0 0 0 1 0 0 0 0 1 0 0 0 0 1 0 0 0.037037 0.17284 0.790123 0 0.462963 0.339506 0.154321 0.0432099 0 0 0 0 1 0 0 0.518519 0.0123457 0.469136 
0 0 0 0 1 0 0 0 0.439394 0.560606 0 0 0 0.217172 0.782828 0 0 0 0 1 0 0 0 0 1 0.0757576 0.00505051 0.030303 0.525253 0.363636 0.0757576 0.00505051 0.040404 0.39899 0.479798 0.535354 0.353535 0.030303 0.00505051 0.0757576 0 0 0.489899 0.378788 0.131313 0.474747 0.444444 0 0.00505051 0.0757576 
0 0 0 0 1 0 0 0.0461538 0.923077 0.0307692 0 0 0 0.0769231 0.923077 0 0 0 0 1 0 0 0 0.0512821 0.948718 0.0615385 0.158974 0.107692 0.205128 0.466667 0.0102564 0.0153846 0.282051 0.194872 0.497436 0.471795 0.184615 0.14359 0.174359 0.025641 0.194872 0.225641 0.241026 0.174359 0.164103 0.482051 0.189744 0.128205 0.102564 0.0974359 
0 0 0 0 1 0 0 0.0122449 0.367347 0.620408 0 0 0 0.444898 0.555102 0 0 0 0 1 0 0 0 0 1 0.0693878 0.216327 0.706122 0.00408163 0.00408163 0 0.0122449 0.126531 0.204082 0.657143 0 0 0.453061 0.477551 0.0693878 0 0.110204 0.187755 0.432653 0.269388 0.00408163 0.00408163 0.653061 0.24898 0.0897959 
0 0 0 0 1 0 0 0 0 1 0 0 0 0 1 0 0 0 0 1 0 0 0 0 1 0 0 0 0 1 0 0 0 0 1 0 0 0 0.585492 0.414508 0 0 0 0 1 0 0 0 0.015544 0.984456 
0 0 0 0 1 0 0 0.325203 0.49187 0.182927 0 0 0 0.731707 0.268293 0 0 0 0 1 0 0 0 0 1 0 0.0162602 0.105691 0.406504 0.471545 0.0650406 0.512195 0.329268 0.0528455 0.0406504 0.0447154 0.0406504 0.138211 0.47561 0.300813 0 0 0 0 1 0 0 0.439024 0.207317 0.353659 
0 0 0 0 1 0 0 0 0.0434783 0.956522 0 0 0 0.130435 0.869565 0 0 0 0.444444 0.555556 0 0 0 0.0241546 0.975845 0.0241546 0.0434783 0.183575 0.695652 0.0531401 0.173913 0.565217 0.154589 0.0821256 0.0241546 0 0 0 0.0531401 0.94686 0 0 0 0.183575 0.816425 0 0 0.748792 0.0144928 0.236715 
0 0 0 0 1 0 0 0 0.108225 0.891775 0 0 0 0.0649351 0.935065 0 0 0 0 1 0 0 0 0 1 0 0 0 0.017316 0.982684 0 0 0 0 1 0 0 0 0 1 0 0 0 0 1 0 0 0 0.034632 0.965368 
0 0 0 0 1 0 0 0 0.041543 0.958457 0 0 0 0.252226 0.747774 0 0 0 0 1 0 0 0 0.0118694 0.988131 0 0 0 0.617211 0.382789 0 0 0 0 1 0 0.0296736 0.617211 0.243323 0.109792 0 0 0 0 1 0.10089 0.424332 0.0919881 0.341246 0.041543 
0 0 0 0 1 0 0 0.0730594 0.232877 0.694064 0 0 0.0410959 0.442922 0.515982 0 0 0 0 1 0 0 0 0 1 0.251142 0.22831 0.0958904 0.324201 0.100457 0.0136986 0.159817 0.410959 0.342466 0.0730594 0 0.0319635 0.369863 0.420091 0.178082 0 0 0 0.150685 0.849315 0.0593607 0.333333 0.0958904 0.223744 0.287671 
0 0 0.00497512 0.497512 0.497512 0.00497512 0.0746269 0.278607 0.233831 0.40796 0 0.288557 0.248756 0.422886 0.039801 0 0 0 0.422886 0.577114 0 0 0.0298507 0.781095 0.189055 0 0 0.0597015 0.860696 0.079602 0.0547264 0.378109 0.0298507 0.39801 0.139303 0.0746269 0.38806 0.0945274 0.323383 0.119403 0.20398 0.383085 0.0746269 0.0547264 0.283582 0.0646766 0.079602 0.482587 0.313433 0.0597015 
0 0.0315789 0.0789474 0.268421 0.621053 0 0.0157895 0.631579 0.110526 0.242105 0 0.557895 0.1 0.121053 0.221053 0 0.1 0.189474 0.636842 0.0736842 0 0.0526316 0.494737 0.421053 0.0315789 0 0.0315789 0.163158 0.468421 0.336842 0.315789 0.0578947 0.0473684 0.0263158 0.552632 0.547368 0.0368421 0.0157895 0.0684211 0.331579 0.831579 0.163158 0 0 0.00526316 0.342105 0.573684 0.0315789 0.0105263 0.0421053 
0 0 0 0.423077 0.576923 0 0.0230769 0.138462 0.361538 0.476923 0 0.146154 0.369231 0.238462 0.246154 0 0 0 0.430769 0.569231 0 0 0.00769231 0.169231 0.823077 0.0307692 0.0538462 0.0615385 0.507692 0.346154 0.130769 0.0923077 0.0538462 0.338462 0.384615 0.461538 0.253846 0.0461538 0.0769231 0.161538 0.0307692 0.3 0.415385 0.169231 0.0846154 0.753846 0.0923077 0.00769231 0.0692308 0.0769231 
0 0.110465 0.139535 0.383721 0.366279 0.00581395 0.22093 0.552326 0.209302 0.0116279 0 0.0755814 0.325581 0.453488 0.145349 0 0 0.0639535 0.651163 0.284884 0.0232558 0.418605 0.104651 0.110465 0.343023 0.482558 0.110465 0.0581395 0.0813954 0.267442 0.0406977 0.0872093 0.0872093 0.366279 0.418605 0.744186 0.0930233 0.0348837 0.0523256 0.0755814 0.476744 0.104651 0.00581395 0.00581395 0.406977 0.575581 0.0988372 0.122093 0.0581395 0.145349 
0 0 0.0138889 0.215278 0.770833 0 0.0138889 0.104167 0.493056 0.388889 0 0 0.138889 0.701389 0.159722 0 0.138889 0.118056 0.631944 0.111111 0 0 0 0.451389 0.548611 0.194444 0.305556 0 0.256944 0.243056 0 0.0277778 0.131944 0.395833 0.444444 0.0902778 0.340278 0.243056 0.173611 0.152778 0.423611 0.451389 0.0208333 0.0486111 0.0555556 0.152778 0.131944 0.166667 0.0486111 0.5 
0.00561798 0.0730337 0.0898876 0.269663 0.561798 0 0.0168539 0.320225 0.601124 0.0617978 0 0 0.398876 0.38764 0.213483 0 0 0.106742 0.376404 0.516854 0 0 0.0617978 0.466292 0.47191 0.162921 0.247191 0.0280899 0.162921 0.398876 0 0.0617978 0.134831 0.668539 0.134831 0.101124 0.325843 0.247191 0.264045 0.0617978 0.55618 0.196629 0.174157 0.0561798 0.0168539 0.247191 0.230337 0.11236 0.275281 0.134831 
0 0 0.128492 0.47486 0.396648 0 0 0.162011 0.709497 0.128492 0.0446927 0.0391061 0.24581 0.329609 0.340782 0 0 0.22905 0.290503 0.480447 0 0.0502793 0.195531 0.597765 0.156425 0.0335196 0.106145 0.413408 0.346369 0.100559 0 0.27933 0.27933 0.139665 0.301676 0.0335196 0.424581 0.178771 0.21229 0.150838 0.0726257 0.581006 0.0502793 0.156425 0.139665 0.324022 0.156425 0.340782 0.162011 0.0167598 
0.00485437 0.257282 0.11165 0.150485 0.475728 0.0825243 0.11165 0.446602 0.18932 0.169903 0 0.106796 0.631068 0.203883 0.0582524 0 0 0.0825243 0.417476 0.5 0 0 0.0339806 0.373786 0.592233 0.131068 0.145631 0.291262 0.174757 0.257282 0.140777 0.281553 0.208738 0.291262 0.0776699 0.257282 0.26699 0.131068 0.26699 0.0776699 0.470874 0.0485437 0.0873786 0.228155 0.165049 0.446602 0.0533981 0.184466 0.126214 0.18932 
0 0.0378378 0.135135 0.335135 0.491892 0.0486486 0.567568 0.243243 0.00540541 0.135135 0 0.324324 0.47027 0.151351 0.0540541 0 0 0.00540541 0.805405 0.189189 0 0 0.027027 0.459459 0.513514 0 0 0.0702703 0.540541 0.389189 0.0162162 0.0756757 0.0810811 0.237838 0.589189 0.605405 0.102703 0.0432432 0.0864865 0.162162 0.394595 0.140541 0.156757 0.297297 0.0108108 0.767568 0.0864865 0.0324324 0.0486486 0.0648649 
0 0 0.0740741 0.343915 0.582011 0 0 0.31746 0.560847 0.121693 0 0.301587 0.560847 0.116402 0.021164 0.0740741 0.126984 0.0952381 0.608466 0.0952381 0 0 0 0.116402 0.883598 0.148148 0.132275 0.0740741 0.513228 0.132275 0.174603 0.0793651 0.280423 0.195767 0.269841 0.439153 0.380952 0.10582 0.0634921 0.010582 0.783069 0.132275 0.047619 0.031746 0.00529101 0.306878 0.301587 0.121693 0.148148 0.121693 
0 0 0.255435 0.434783 0.309783 0.0108696 0.0434783 0.0380435 0.695652 0.211957 0 0.0271739 0.456522 0.309783 0.206522 0 0 0.11413 0.831522 0.0543478 0 0.0706522 0.467391 0.184783 0.277174 0 0 0 0.815217 0.184783 0.266304 0.353261 0.0163043 0.13587 0.228261 0.0543478 0.163043 0.157609 0.206522 0.418478 0.23913 0.244565 0.222826 0.0923913 0.201087 0.168478 0.23913 0.38587 0.146739 0.0597826 
0 0.181319 0.186813 0.39011 0.241758 0 0.021978 0.56044 0.252747 0.164835 0.00549451 0.17033 0.648352 0.137363 0.0384615 0 0.0604396 0.351648 0.516484 0.0714286 0 0 0.0714286 0.384615 0.543956 0.0989011 0.0934066 0.159341 0.296703 0.351648 0.021978 0.0934066 0.153846 0.346154 0.384615 0.313187 0.148352 0.10989 0.313187 0.115385 0.692308 0.252747 0.021978 0.021978 0.010989 0.697802 0.192308 0.0384615 0.043956 0.0274725 
0 0 0.00389105 0.346303 0.649805 0.00389105 0.00389105 0.120623 0.540856 0.330739 0 0 0.105058 0.501945 0.392996 0 0 0.0272374 0.0466926 0.92607 0 0 0.0194553 0.0661479 0.914397 0 0.0272374 0.0894942 0.509728 0.373541 0.077821 0.00389105 0.151751 0.361868 0.404669 0.533074 0.311284 0.07393 0.0155642 0.0661479 0.194553 0.470817 0.225681 0.0700389 0.0389105 0.128405 0.470817 0.287938 0.0544747 0.0583658 
0 0 0 0 1 0 0 0.00355872 0.654804 0.341637 0 0 0.0640569 0.836299 0.0996441 0 0.0391459 0.644128 0.202847 0.113879 0 0.0782918 0.391459 0.494662 0.0355872 0 0 0.177936 0.348754 0.47331 0 0 0.181495 0.462633 0.355872 0.373665 0.380783 0.142349 0.0533808 0.0498221 0.391459 0.330961 0.153025 0.0996441 0.024911 0.448399 0.238434 0.16726 0.0854093 0.0604982 
0 0 0.0375 0.00416667 0.958333 0 0.0958333 0.1375 0.345833 0.420833 0 0.125 0.216667 0.3375 0.320833 0 0 0.0333333 0.4875 0.479167 0 0 0 0.333333 0.666667 0.0708333 0.00416667 0.179167 0.366667 0.379167 0.0208333 0 0.0291667 0.4125 0.5375 0.654167 0.270833 0.0541667 0 0.0208333 0.275 0.2875 0.220833 0.158333 0.0583333 0.4625 0.304167 0.154167 0.00833333 0.0708333 
0 0 0 0.16156 0.83844 0.00278552 0.0501393 0.35376 0.534819 0.0584958 0 0.0835655 0.142061 0.493036 0.281337 0 0.0139276 0.0417827 0.562674 0.381616 0 0.0306407 0.501393 0.286908 0.181058 0.00835655 0.114206 0.32312 0.169916 0.384401 0.00278552 0.00557103 0.144847 0.395543 0.451253 0.610028 0.222841 0.16156 0.00278552 0.00278552 0.289694 0.192201 0.406685 0.0835655 0.0278552 0.509749 0.267409 0.0891365 0.0724234 0.0612813 
0 0 0 0.029304 0.970696 0 0 0 0.479853 0.520147 0 0 0 0.417582 0.582418 0 0 0 0.234432 0.765568 0 0 0 0.307692 0.692308 0 0 0 0.212454 0.787546 0 0 0 0.490842 0.509158 0.285714 0.157509 0.271062 0.190476 0.0952381 0.483516 0.300366 0.135531 0.0659341 0.014652 0.285714 0.234432 0.245421 0.14652 0.0879121 
0 0 0 0.00711744 0.992883 0 0 0.00711744 0.733096 0.259786 0 0 0.0106762 0.775801 0.213523 0 0.263345 0.320285 0.27758 0.13879 0 0.0462633 0.088968 0.669039 0.19573 0 0 0 0.409253 0.590747 0 0 0 0.512456 0.487544 0.402135 0.274021 0.224199 0.0818505 0.0177936 0.209964 0.199288 0.30605 0.241993 0.0427046 0.629893 0.224199 0.0569395 0.0462633 0.0427046 
0 0 0 0.0646552 0.935345 0 0.00431034 0.405172 0.49569 0.0948276 0 0.0732759 0.215517 0.491379 0.219828 0 0 0 0.0172414 0.982759 0 0 0 0.0646552 0.935345 0.232759 0.181034 0.241379 0.168103 0.176724 0.314655 0.396552 0.0215517 0.0258621 0.241379 0.24569 0.0258621 0.0301724 0.551724 0.146552 0.262931 0.25 0.426724 0.0387931 0.0215517 0.159483 0.146552 0.297414 0.198276 0.198276 
0 0 0 0.19697 0.80303 0.00757576 0.0530303 0.416667 0.469697 0.0530303 0 0.00378788 0.219697 0.556818 0.219697 0 0.0265152 0.613636 0.136364 0.223485 0 0.284091 0.560606 0.117424 0.0378788 0.0719697 0.204545 0.204545 0.420455 0.0984849 0.106061 0.393939 0.397727 0.094697 0.00757576 0.0719697 0.128788 0.261364 0.443182 0.094697 0.212121 0.231061 0.140152 0.318182 0.0984849 0.0719697 0.450758 0.306818 0.117424 0.0530303 
0 0 0.0512821 0.564103 0.384615 0 0.0448718 0.275641 0.464744 0.214744 0.00641026 0.128205 0.288462 0.49359 0.0833333 0 0 0.0448718 0.102564 0.852564 0 0 0.0160256 0.185897 0.798077 0.0224359 0.0288462 0.0416667 0.326923 0.580128 0.0320513 0.0192308 0.0288462 0.705128 0.214744 0.429487 0.490385 0.025641 0.0160256 0.0384615 0.240385 0.233974 0.291667 0.13141 0.102564 0.727564 0.217949 0.0288462 0.00320513 0.0224359 
0 0 0 0.178322 0.821678 0 0.0909091 0.643357 0.237762 0.027972 0 0 0.0804196 0.72028 0.199301 0 0 0.111888 0.48951 0.398601 0 0.258741 0.227273 0.475524 0.0384615 0 0 0.00699301 0.255245 0.737762 0 0 0.013986 0.548951 0.437063 0.342657 0.251748 0.27972 0.0664336 0.0594406 0.353147 0.342657 0.188811 0.0839161 0.0314685 0.444056 0.318182 0.171329 0.041958 0.0244755 
0.072 0.904 0 0 0.024 0.976 0 0 0 0.024 0.744 0.232 0 0 0.024 0 0 0 0.064 0.936 0 0 0 0.152 0.848 0 0.024 0.008 0.096 0.872 0.032 0.024 0.008 0.52 0.416 0.656 0.272 0.04 0.008 0.024 0.248 0.28 0.224 0.168 0.08 0.728 0.184 0.056 0.024 0.008 
0 0 0 0 1 0 0 0.311475 0.47541 0.213115 0 0 0 0.114754 0.885246 0 0 0 0.114754 0.885246 0 0.0327869 0.114754 0.147541 0.704918 0 0 0 0 1 0 0 0 0.196721 0.803279 0.0983607 0.196721 0.163934 0.442623 0.0983607 0.622951 0.131148 0.163934 0.0491803 0.0327869 0.0327869 0.491803 0.229508 0.131148 0.114754 
0 0 0 0 1 0 0 0 0.101695 0.898305 0 0 0.283898 0.576271 0.139831 0 0 0 0 1 0 0 0 0 1 0.0127119 0.0466102 0.0932203 0.381356 0.466102 0.00423729 0.0550847 0.487288 0.449153 0.00423729 0.00423729 0.0677966 0.737288 0.152542 0.0381356 0 0 0 0.101695 0.898305 0.0169492 0.555085 0.29661 0.0847458 0.0466102 
0 0 0 0.0660793 0.933921 0 0.14978 0.30837 0.387665 0.154185 0 0 0.334802 0.537445 0.127753 0 0.0220264 0.0837004 0.0748899 0.819383 0 0 0 0.193833 0.806167 0.0132159 0.0220264 0.220264 0.546256 0.198238 0.0837004 0.118943 0.140969 0.295154 0.361233 0.312775 0.352423 0.127753 0.127753 0.0792952 0.110132 0.422908 0.348018 0.0881057 0.030837 0.330396 0.480176 0.15859 0.0176211 0.0132159 
0 0 0 0 1 0 0.0116959 0.111111 0.292398 0.584795 0 0 0.0350877 0.461988 0.502924 0 0 0 0 1 0 0 0 0 1 0 0 0 0 1 0.134503 0.175439 0.315789 0.28655 0.0877193 0 0 0.0760234 0.614035 0.309942 0 0 0 0.391813 0.608187 0 0 0 0.0701754 0.929825 
0 0 0 0 1 0 0 0.328431 0.642157 0.0294118 0 0 0.151961 0.573529 0.27451 0 0 0 0 1 0 0 0 0 1 0.0294118 0.161765 0.406863 0.22549 0.176471 0.0294118 0.205882 0.377451 0.205882 0.181373 0.25 0.264706 0.308824 0.147059 0.0294118 0 0.0980392 0.436274 0.279412 0.186275 0 0 0.259804 0.534314 0.205882 
0 0 0 0 1 0 0 0 0.283465 0.716535 0 0 0.011811 0.57874 0.409449 0 0 0 0 1 0 0 0.019685 0.161417 0.818898 0 0 0 0.0354331 0.964567 0 0 0 0.0787402 0.92126 0 0 0.0314961 0.728346 0.240157 0.440945 0.492126 0.0590551 0.00393701 0.00393701 0 0 0 0.440945 0.559055 
0 0 0 0 1 0 0 0 0.150407 0.849594 0 0 0.170732 0.800813 0.0284553 0 0 0 0 1 0 0 0 0 1 0 0 0 0.833333 0.166667 0 0 0 0.638211 0.361789 0 0.00406504 0.0243902 0.361789 0.609756 0 0 0.369919 0.487805 0.142276 0.0243902 0.121951 0.0203252 0.00406504 0.829268 
0 0 0 0 1 0 0 0 0 1 0 0 0 0.964103 0.0358974 0 0 0 0 1 0 0 0 0 1 0 0 0 0.251282 0.748718 0 0 0 0 1 0 0 0 0 1 0 0 0 0.00512821 0.994872 0 0.00512821 0.405128 0.507692 0.0820513 
0 0 0 0 1 0 0.124294 0.418079 0 0.457627 0 0 0 0.943503 0.0564972 0 0 0 0 1 0 0 0 0 1 0 0 0 0 1 0.20904 0.242938 0.491525 0.039548 0.0169492 0.0169492 0.0225989 0.514124 0.259887 0.186441 0 0 0 0 1 0 0 0 0.480226 0.519774 
0 0 0 0 1 0 0 0.0405405 0.328829 0.630631 0.0045045 0.432432 0.238739 0.157658 0.166667 0 0 0 0.0855856 0.914414 0 0 0 0.0045045 0.995495 0.027027 0.00900901 0.328829 0.608108 0.027027 0 0 0 0 1 0 0 0 0.225225 0.774775 0 0 0.0135135 0.175676 0.810811 0 0.036036 0.833333 0.0945946 0.036036 
0 0 0 0 1 0 0 0.37619 0.466667 0.157143 0 0 0 0.1 0.9 0 0 0 0 1 0 0 0 0 1 0 0 0 0.914286 0.0857143 0 0 0.680952 0.280952 0.0380952 0 0.0285714 0.0714286 0.209524 0.690476 0 0 0 0 1 0 0.0238095 0 0.1 0.87619 
0 0 0 0 1 0 0 0 0 1 0 0 0 0.142077 0.857924 0 0 0 0.715847 0.284153 0 0 0 0.0655738 0.934426 0 0 0 0.0327869 0.967213 0 0 0 0 1 0 0 0 0.103825 0.896175 0 0 0.010929 0.961749 0.0273224 0 0 0 0 1 
0 0 0 0 1 0 0 0 0.00440529 0.995595 0 0 0 0 1 0 0 0 0 1 0 0 0 0 1 0 0 0 0 1 0 0 0 0 1 0 0 0.00440529 0.612335 0.38326 0 0 0 0.400881 0.599119 0 0 0 0 1 
0 0 0 0 1 0 0 0 0.163265 0.836735 0 0 0.255102 0.112245 0.632653 0 0 0 0.173469 0.826531 0 0 0 0.214286 0.785714 0 0 0 0.27551 0.72449 0 0 0 0 1 0 0 0.0510204 0.55102 0.397959 0 0 0.469388 0.112245 0.418367 0 0.265306 0.153061 0.44898 0.132653 
0 0 0 0.0181818 0.981818 0 0 0.0454545 0.518182 0.436364 0 0 0 0.427273 0.572727 0 0 0 0.490909 0.509091 0 0 0.0272727 0.509091 0.463636 0 0 0 0.336364 0.663636 0 0 0.127273 0.509091 0.363636 0.190909 0.118182 0.118182 0.490909 0.0818182 0 0.427273 0.154545 0.236364 0.181818 0.1 0.409091 0.0545455 0.218182 0.218182 
0 0 0 0 1 0 0 0 0.304054 0.695946 0 0 0 0.0878378 0.912162 0 0 0.027027 0.256757 0.716216 0 0 0.00675676 0.277027 0.716216 0 0 0 0.364865 0.635135 0 0 0 0.540541 0.459459 0.0472973 0.175676 0.216216 0.472973 0.0878378 0 0.486486 0.216216 0.0337838 0.263514 0.0202703 0.0675676 0.283784 0.472973 0.155405 
0 0 0 0 1 0 0.0551724 0.0689655 0.765517 0.110345 0 0 0 0.0965517 0.903448 0 0.0137931 0.062069 0.0344828 0.889655 0 0 0.00689655 0.103448 0.889655 0 0 0 0.0137931 0.986207 0 0 0.0206897 0.951724 0.0275862 0.0275862 0.0896552 0.372414 0.372414 0.137931 0.062069 0.0965517 0.593103 0.0758621 0.172414 0.0689655 0.0344828 0.0413793 0.675862 0.17931 
0 0 0 0 1 0 0 0.0357143 0.0625 0.901786 0 0 0 0.0267857 0.973214 0 0 0.0714286 0.0357143 0.892857 0 0 0.0714286 0.151786 0.776786 0 0 0 0 1 0 0 0 0.857143 0.142857 0.0446429 0.0178571 0.0446429 0.348214 0.544643 0.0982143 0.446429 0.214286 0.142857 0.0982143 0 0 0.0625 0.446429 0.491071 
0 0 0 0 1 0 0 0 0.0689655 0.931035 0 0 0 0.0206897 0.97931 0 0 0.0137931 0.0551724 0.931035 0 0 0.0344828 0.0827586 0.882759 0 0 0 0 1 0 0 0 0 1 0.103448 0.344828 0.117241 0.22069 0.213793 0.358621 0.282759 0.151724 0.124138 0.0827586 0 0 0.606897 0.062069 0.331034 
0 0 0 0 1 0 0 0 0.266667 0.733333 0 0 0 0.638095 0.361905 0 0 0 0.580952 0.419048 0 0 0.047619 0.361905 0.590476 0 0 0 0.228571 0.771429 0 0 0 0.0666667 0.933333 0 0.114286 0.561905 0.190476 0.133333 0.0952381 0.32381 0.171429 0.047619 0.361905 0 0.00952381 0.0952381 0.533333 0.361905 
0 0 0 0.32967 0.67033 0 0.021978 0.324176 0.39011 0.263736 0 0 0.291209 0.521978 0.186813 0 0 0 0.115385 0.884615 0 0 0 0.10989 0.89011 0 0 0.335165 0.362637 0.302198 0 0 0.307692 0.164835 0.527473 0.340659 0.225275 0.131868 0.0934066 0.208791 0.21978 0.126374 0.175824 0.0549451 0.423077 0.010989 0.197802 0.456044 0.0714286 0.263736 
0 0 0 0 1 0 0 0 0.0833333 0.916667 0 0 0 0 1 0 0 0 0.416667 0.583333 0 0 0 0.601852 0.398148 0 0 0 0.472222 0.527778 0 0 0 0.157407 0.842593 0.222222 0.0648148 0.12037 0.12037 0.472222 0 0.453704 0.12037 0.0277778 0.398148 0.0462963 0.0648148 0.37963 0.222222 0.287037 
0 0 0 0 1 0 0 0.024 0.008 0.968 0 0 0.04 0.64 0.32 0 0 0.016 0.224 0.76 0 0 0.016 0.12 0.864 0 0 0 0.24 0.76 0 0 0 0.064 0.936 0 0.424 0.304 0.216 0.056 0 0.168 0.368 0.112 0.352 0.096 0.144 0.16 0.376 0.224 
0 0 0 0 1 0 0 0.0642202 0.568807 0.366972 0 0 0.0825688 0.293578 0.623853 0 0 0.0733945 0.449541 0.477064 0 0 0.201835 0.284404 0.513761 0 0 0 0.33945 0.66055 0 0 0 0.174312 0.825688 0.201835 0.321101 0.0825688 0.165138 0.229358 0.137615 0.311927 0.0917431 0.394495 0.0642202 0.110092 0.0366972 0.119266 0.366972 0.366972 
0 0 0 0.027972 0.972028 0 0.013986 0.370629 0.244755 0.370629 0 0 0.160839 0.636364 0.202797 0 0 0.118881 0.51049 0.370629 0 0 0.041958 0.307692 0.65035 0 0 0 0.72028 0.27972 0 0 0 0.104895 0.895105 0.041958 0.405594 0.300699 0.20979 0.041958 0 0.251748 0.223776 0.342657 0.181818 0.0559441 0.027972 0.111888 0.48951 0.314685 
0 0 0 0 1 0 0 0.512821 0.371795 0.115385 0 0 0.711538 0.166667 0.121795 0 0 0 0.282051 0.717949 0 0 0 0.0833333 0.916667 0 0 0.153846 0.467949 0.378205 0 0 0.108974 0.371795 0.519231 0 0.737179 0.121795 0.0833333 0.0576923 0.0705128 0.320513 0.108974 0.416667 0.0833333 0 0.467949 0.403846 0.0961538 0.0320513 
0 0 0 0 1 0 0 0.0909091 0.606061 0.30303 0 0 0 0.0606061 0.939394 0 0 0 0.333333 0.666667 0 0 0 0.191919 0.808081 0 0 0 0.262626 0.737374 0 0 0.0808081 0.343434 0.575758 0 0.191919 0.424242 0.232323 0.151515 0 0.484848 0.292929 0.151515 0.0707071 0 0.50505 0.20202 0.20202 0.0909091 
0 0 0 0 1 0 0 0 0.12963 0.87037 0 0 0 0.203704 0.796296 0 0 0.0185185 0.537037 0.444444 0 0 0 0.509259 0.490741 0 0 0 0.037037 0.962963 0 0 0 0.388889 0.611111 0.0185185 0.138889 0.25 0.101852 0.490741 0 0 0.398148 0.157407 0.444444 0 0 0.0648148 0.305556 0.62963 
0 0 0 0 1 0 0 0 0 1 0 0 0 0.175258 0.824742 0 0 0.0309278 0.0618557 0.907216 0 0 0 0.0927835 0.907216 0 0 0 0.0103093 0.989691 0 0 0 0 1 0 0 0.257732 0.57732 0.164948 0.134021 0.0824742 0.309278 0.412371 0.0618557 0.0309278 0.0206186 0.103093 0.329897 0.515464 
0 0 0 0 1 0 0 0 0.0344828 0.965517 0 0 0 0.181034 0.818965 0 0 0 0.0517241 0.948276 0 0 0 0.0258621 0.974138 0 0 0 0.241379 0.758621 0 0 0 0.224138 0.775862 0.0172414 0.0344828 0.396552 0.413793 0.137931 0.172414 0.543103 0.137931 0.0862069 0.0603448 0.0431034 0.112069 0.112069 0.525862 0.206897 
0 0 0 0 1 0 0 0 0.494444 0.505556 0 0 0.0166667 0.788889 0.194444 0 0 0 0.0388889 0.961111 0 0 0 0.00555556 0.994444 0 0 0.00555556 0.594444 0.4 0 0 0 0.188889 0.811111 0.05 0.0611111 0.366667 0.516667 0.00555556 0.0444444 0.311111 0.161111 0.188889 0.294444 0.0888889 0.116667 0.7 0.0222222 0.0722222 
0 0 0.0290698 0.459302 0.511628 0 0.0116279 0.686047 0.267442 0.0348837 0 0.27907 0.296512 0.203488 0.22093 0 0 0 0.122093 0.877907 0 0 0 0.197674 0.802326 0 0 0 0.534884 0.465116 0 0.00581395 0.151163 0.383721 0.459302 0.354651 0.395349 0.180233 0.0639535 0.00581395 0.331395 0.127907 0.151163 0.319767 0.0697674 0.244186 0.186047 0.430233 0.122093 0.0174419 
0 0 0.0397727 0.409091 0.551136 0 0 0.0397727 0.596591 0.363636 0 0 0.142045 0.494318 0.363636 0 0 0.00568182 0.170455 0.823864 0 0 0.0113636 0.625 0.363636 0.335227 0.113636 0 0.284091 0.267045 0 0.460227 0.00568182 0.261364 0.272727 0.0852273 0.431818 0.0170455 0.204545 0.261364 0.289773 0.159091 0.181818 0.0738636 0.295455 0.176136 0.369318 0.00568182 0.0568182 0.392045 
0 0 0 0 1 0 0.0149254 0.104478 0.753731 0.126866 0 0 0.5 0.149254 0.350746 0 0 0 0.0746269 0.925373 0 0 0 0.0373134 0.962687 0 0 0 0.395522 0.604478 0 0.171642 0.268657 0.216418 0.343284 0.246269 0.268657 0.231343 0.119403 0.134328 0.126866 0.38806 0.0895522 0.171642 0.223881 0.0298507 0.343284 0.425373 0.11194 0.0895522 
0 0 0 0 1 0 0 0.00714286 0.3 0.692857 0 0 0 0.378571 0.621429 0 0 0 0 1 0 0 0 0.185714 0.814286 0 0 0 0.0785714 0.921429 0 0 0 0.0285714 0.971429 0.114286 0.0714286 0.164286 0.4 0.25 0 0.171429 0.264286 0.228571 0.335714 0 0 0.114286 0.771429 0.114286 
0 0 0 0 1 0 0 0 0.5 0.5 0 0 0 0.892308 0.107692 0 0 0.0307692 0.369231 0.6 0 0 0 0.4 0.6 0 0 0 0.269231 0.730769 0 0 0 0.1 0.9 0 0.0769231 0.261538 0.446154 0.215385 0.0153846 0.592308 0.0384615 0.161538 0.192308 0.1 0.230769 0.423077 0.138462 0.107692 
0 0 0 0 1 0 0 0.0738255 0.355705 0.57047 0 0 0.0671141 0.442953 0.489933 0 0 0.0402685 0.395973 0.563758 0 0 0.0604027 0.355705 0.583893 0 0 0 0.463087 0.536913 0 0 0 0.47651 0.52349 0.0805369 0.241611 0.214765 0.308725 0.154362 0.0738255 0.42953 0.0738255 0.302013 0.120805 0.114094 0.302013 0.241611 0.308725 0.033557 
